# Created by Octave 3.2.4, Tue Nov 13 19:54:52 2012 CET <def@Izanami>
# name: mV
# type: matrix
# rows: 400
# columns: 1
 0
 0
 0
 0
 0
 0
 0
 0
 0
 0
 0
 0
 0
 0
 0
 0
 0
 0
 0
 0
 0
 0
 0
 0
 0
 0
 0
 0
 0
 0
 0
 0
 0
 0
 0
 0
 0
 0
 0
 0
 0
 0
 0
 0
 0
 0
 0
 0
 0
 0
 0.0004891769597652232
 -0.004545269251151659
 -0.03317657127122731
 -0.05103216338510502
 -0.04373323549794175
 -0.007815417227182021
 0.0006188088541029621
 0
 0
 0
 0
 0
 0
 0
 0
 0
 0
 7.337654396478244e-06
 0.0001318933823529364
 -0.001839716094771318
 -0.02480958946078488
 0.003101443355119435
 0.2695838428926658
 0.4386616115196072
 0.3684112370642693
 0.03890168845315873
 -0.009906862745097958
 0.0006285923932982912
 0
 0
 0
 0
 0
 0
 0
 0
 1.838235294117652e-05
 0.0008762382291794147
 -0.01162515318627442
 -0.01315493940631802
 0.2903626770152503
 0.6840462452342048
 0.9580192919163506
 1.084293181508714
 1.035222307325708
 0.6138382352941179
 0.0453521922657952
 -0.009550364844482568
 8.578431372549044e-05
 0
 0
 0
 0
 0
 0
 3.240796036275129e-18
 0.0004886642156862542
 -0.01281322612205027
 0.03687132352941183
 0.4790858013344231
 0.9758253165849681
 1.020464137391068
 0.8649288145611674
 0.6670553172657951
 0.9080506195533773
 0.9492387663398695
 0.2693958843954243
 -0.02610951449186772
 -0.0005790441176470601
 0
 0
 0
 0
 0
 0
 0.0008552900326797591
 -0.01697406045751637
 0.006360574375279572
 0.5652359749455337
 1.020373127723311
 0.9688886335784317
 0.4979853111383445
 0.1493966647643124
 -0.0504976000816983
 0.4285764569716785
 1.032440393518518
 0.5033059640522862
 -0.02021595124536342
 -0.003042960239651422
 0
 0
 0
 0
 5.014063837593467e-05
 0.0006363376951612306
 -0.02554937290231478
 0.06673712173712103
 0.7286686259170057
 1.011209082385554
 0.8961716977158154
 0.527037456008044
 -0.02662401655048745
 -0.02647311802258628
 -0.01983454608454576
 0.2461255825961709
 1.021497781718369
 0.5341895119100991
 -0.01678670231929415
 -0.003574049162284468
 0
 0
 0
 0
 -0.000125714869281065
 -0.009451048474945382
 0.07182963984204813
 0.638229728349673
 1.043920141861318
 0.6881749897875803
 0.1298472052015245
 0.01564140795206942
 -0.007456171704793003
 0.0008144796380090498
 -0.02738289760348549
 0.36911172385621
 1.01851075708061
 0.4858692640250532
 -0.02161999103175615
 -0.002773692810457523
 0
 0
 0
 0.0003668827198238994
 -0.007707873774509943
 0.01769735498366022
 0.6666432291666674
 1.02578160743464
 0.7112314860108977
 0.07933522263071846
 -0.02385804738562081
 -0.003385995370370357
 0.0002540339052287559
 -0.003637030695854264
 -0.00479503676470574
 0.6729707073801747
 0.9656700708061001
 0.2901218001089317
 -0.03047414495943937
 -0.0003896037581699354
 0
 0
 2.022256726635454e-18
 -0.001569442745913339
 -0.01254450912309442
 0.432694001906318
 1.029153067129631
 0.8073267973856212
 0.09601511013275649
 -0.02711092388344231
 0.0008585409858387782
 3.860294117647064e-05
 0.0003404139433551339
 -0.02622681505034487
 0.1644838303376899
 0.9034374659586062
 0.7632332856753822
 0.02527966707516322
 -0.007950654274183738
 6.43382352941179e-05
 0
 0
 7.318899782135017e-05
 -0.02331182992947721
 0.1676548543028319
 0.8895459899237472
 0.9252440597766886
 0.1929205303649243
 -0.03902312380253557
 0.0006952103758170011
 8.935866013071261e-06
 2.553104575164403e-05
 -0.003742851307189568
 -0.02638443873738024
 0.5061028730936813
 0.9831727600762522
 0.3375482706971678
 -0.02789665032679699
 0.0005576617341323169
 0
 0
 0
 -0.00277607924666749
 -0.02149042863241265
 0.4830801502860322
 1.039924160585925
 0.5730374831845415
 -0.02738202002907833
 -0.0008266175320106973
 0
 0
 0.001322306469365179
 -0.03228330140094862
 0.254384663776861
 0.9432041260717727
 0.600161411411411
 -0.009743810552634161
 -0.002446139578492307
 0
 0
 0
 0
 -0.003739957788671033
 -0.01565554808201909
 0.5407873944716771
 1.047941891339869
 0.4705885416666664
 -0.0341147705610015
 0.0004227304227304211
 2.236519607842833e-05
 0.0005100081699346475
 -0.02256112132352976
 0.1191577137799567
 0.8377696587990705
 0.865287598720044
 0.1517005889161221
 -0.02076152301198257
 -6.86785130718819e-05
 0
 0
 0
 0
 -0.0009807325708061014
 -0.03084800864212664
 0.3622345792483653
 1.010310474537037
 0.5715738357843136
 -0.04663405501089248
 -0.02116352778117485
 -0.01845904820261436
 -0.03342704929193897
 0.05800796568627428
 0.6808563793572993
 1.008248236924708
 0.3701170683551201
 -0.02219886982570796
 -0.001826644199346405
 2.680759803921378e-05
 0
 0
 0
 0
 0.0001317401960784317
 -0.008652827035180059
 0.03087054057734168
 0.6399192367919391
 0.8872238221677563
 0.2801298338779959
 0.1064614161672982
 0.1067027335239653
 0.1635091401143791
 0.7328547794117648
 0.9951463609749454
 0.6100248834807662
 -0.005686376633986635
 -0.004651654411764706
 0.0003419117647058822
 0
 0
 0
 0
 0
 0
 0.0005857894093188133
 -0.01523325163398701
 0.1063277675653593
 0.8279769539760348
 0.9620218035130714
 0.8283725863872925
 0.8152816755174298
 0.8926579350490199
 0.9716897977941175
 0.5070668913398682
 0.06022614243202445
 -0.009200112336601181
 0.0002489276960784201
 0
 0
 0
 0
 0
 0
 0
 0
 -1.16179527944267e-05
 -0.01100918225918238
 0.09284130284130213
 0.4275031422825535
 0.802358897405981
 0.8049823013058306
 0.4973197009226421
 0.1911573281426219
 0.002134747870041663
 -0.01622781001526277
 0.0006231910643675402
 0
 0
 0
 0
 0
 0
 0
 0
 0
 0.0001000816993464084
 -0.0006180215141612227
 -0.01408803104575168
 -0.02067742374727662
 -0.02064479638009027
 -0.02059112881263594
 -0.02083486519607835
 -0.01845060593681921
 -0.005351817810457526
 0.0005131262484203732
 1.191448801742927e-05
 0
 0
 0
 0
 0
 0
 0
 0
 0
 0
 0
 0
 0
 0
 0
 0
 0
 0
 0
 0
 0
 0
 0
 0
 0
 0
