# Created by Octave 3.2.4, Tue Nov 13 17:48:53 2012 CET <def@Izanami>
# name: mV
# type: matrix
# rows: 400
# columns: 1
 0
 0
 0
 0
 0
 0
 0
 0
 0
 0
 0
 0
 0
 0
 0
 0
 0
 0
 0
 0
 0
 0
 0
 0
 0
 0
 0
 0
 0
 0
 0
 0
 0
 0
 0
 0
 0
 0
 0
 0
 0
 0
 0
 0
 0
 0
 0
 0
 0
 0
 0
 0
 0
 0
 0
 0
 0
 0
 0
 0
 0
 0
 0
 0
 0
 0
 0
 0
 0
 0
 0
 0
 0
 0.000162683823529416
 -0.002185508578431444
 -0.008266850490196263
 -0.009947406045751832
 0.0001233643145407834
 7.710375816993745e-05
 0
 0
 0
 0
 0
 0
 0
 0
 0
 0
 0
 0
 0.0002083333333333339
 -0.0008401614283967138
 -0.01688097426470586
 -0.004476205065359479
 0.08596063112745078
 0.1146251872276685
 -0.009817475846887719
 -0.0001936955337690628
 0
 0
 0
 0
 0
 0
 0
 0
 0
 0
 2.800047775341389e-18
 0.0005318967864923753
 -0.006959252450980614
 -0.008315464786053717
 0.06676462077886665
 0.4522246221405233
 0.784758510348584
 0.818375
 0.08052983979454542
 -0.01384701797385626
 0
 0
 0
 0
 0
 0
 0
 0
 0
 1.736111111110997e-05
 0.0004231345315904152
 -0.012508510348584
 0.03600149782135063
 0.1690958718899888
 0.7203527709694977
 0.9712744757625263
 1.023897484340958
 1.045355681508714
 0.1487836818719168
 -0.02148522603485844
 0
 0
 0
 0
 0
 0
 0
 0
 0.0001073951911667475
 0.0001462435285964545
 -0.02825435163670478
 0.0229852703382107
 0.3551138695256344
 0.8610101978819116
 1.019610781596076
 1.011396345440463
 0.9399405004552066
 0.7428004022121668
 0.0864922325360136
 -0.01379733806204399
 0
 0
 0
 0
 0
 0
 6.533444809129464e-19
 0.0001154003267973804
 -0.001775304716481111
 -0.01462869349128473
 0.1498880208333343
 0.583672504765796
 0.9869633884803926
 1.013098222657046
 1.021189406318082
 0.8202643654684086
 0.2747999046840955
 0.06958862677015232
 0.0117315845257021
 -0.001703771786492373
 0
 0
 0
 0
 0
 0
 0.0009420955882353115
 -0.01158462690631807
 -0.02704073417308719
 0.1354429296023976
 0.7564848175381267
 1.027131229575163
 1.007109323937908
 1.007069914937562
 0.8331230085784311
 0.270699414488017
 -0.03992390046296282
 -0.009203771786492279
 -0.001289185112714518
 0.0001872276688453159
 0
 0
 0
 0
 1.0212418300655e-05
 0.000563385076252737
 -0.01304551334422719
 0.04327393110021713
 0.3694770732270732
 0.835694121051199
 1.01841394335512
 1.025529701116559
 0.9183479881535951
 0.6195080374492138
 0.09894379765795193
 -0.009561342592592685
 -0.002405824482570802
 0.000100745506535941
 0
 0
 0
 0
 0
 0
 0.0003181168300653625
 -0.01299053649237476
 0.0252552253540301
 0.51233515454793
 0.9894654382889676
 1.025407713779956
 0.9850076763344223
 0.7035989072712413
 0.3057364004629622
 0.02317995597407348
 -0.01420778867102367
 -0.001078227124182932
 0.0001733558006535862
 1.072303921568482e-06
 0
 0
 0
 0
 1.222942399413002e-05
 0.0008628227290328469
 -0.01271238433003153
 0.00620733289850902
 0.4451982525511937
 0.9979533039827151
 1.02219659947433
 0.9340047287106107
 0.4485848857907678
 0.03124955838191078
 -0.02659191431250273
 -0.008191324126263652
 0.0005177122824181692
 0
 0
 0
 0
 0
 0
 0
 0.000332924836601302
 -0.01013676572500101
 0.02712578295206937
 0.5213633408224394
 0.9105046466503264
 1.027944733796296
 0.8052646141616735
 0.2408756297657952
 -0.01583997140522864
 -0.01271207788671028
 -0.0009359681372549071
 0.0001589825119236903
 0
 0
 0
 0
 0
 0
 0
 0
 -0.006697133714596974
 0.01956937140760643
 0.548202835648148
 1.002520458877995
 1.024839341639434
 0.6593910845588237
 0.129286396124631
 -0.02378327546296296
 -0.001246766067538123
 0.0002527573529411758
 0
 0
 0
 0
 0
 0
 0
 0
 0
 0
 -0.02155586192810463
 0.1506026558232437
 1.041744144880174
 0.9542167926198259
 0.6116153152233117
 -0.0008080405773411323
 -0.02216995841995847
 -0.0007596337145969439
 9.191176470588204e-05
 0
 0
 0
 0
 0
 0
 0
 0
 0
 0
 0
 -0.009395935457516342
 0.07061213362683925
 0.4143341673474938
 0.2616955678104571
 0.1267871732026142
 -0.01356622753267931
 0.0001123578329460761
 3.62540849673179e-05
 0
 0
 0
 0
 0
 0
 0
 0
 0
 0
 0
 0
 0.000853511882923659
 -0.006234565437207052
 -0.03905232155232197
 -0.02996896783661518
 -0.0135499979617628
 0.000873028005380937
 0
 0
 0
 0
 0
 0
 0
 0
 0
 0
 0
 0
 0
 0
 1.87227668845317e-05
 -0.0001493008845950026
 -0.0007587826797385649
 -0.0002027165032679746
 -0.0002662037037037046
 1.582924836601295e-05
 0
 0
 0
 0
 0
 0
 0
 0
 0
 0
 0
 0
 0
 0
 0
 0
 0
 0
 0
 0
 0
 0
 0
 0
 0
 0
 0
 0
 0
 0
 0
 0
 0
