# Created by Octave 3.2.4, Tue Dec 18 18:50:14 2012 CET <def@Izanami>
# name: x1
# type: matrix
# rows: 400
# columns: 1
 0
 0
 0
 0
 0
 0
 0
 0
 0
 0
 0
 0
 0
 0
 0
 0
 0
 0
 0
 0
 0
 0
 0
 0
 0
 0
 0
 0
 0
 0
 0
 0
 0
 0
 0
 0
 0
 0
 0
 0
 0
 0
 0
 0
 0
 0
 0
 0
 0
 0
 0
 0
 0
 0
 0
 0
 0
 0
 0
 0
 0
 0
 0
 0
 0
 4.666746292235811e-19
 7.199754901961075e-05
 -0.001000519750519784
 -0.003549070669934771
 -0.006079299428104753
 -0.009878421160130968
 -0.009896139705882597
 -0.01014894419306209
 -0.00772472426470609
 -0.001372497957516384
 0.0001191278594771272
 3.82965686274497e-06
 0
 0
 0
 0
 0
 0
 0
 0
 0.000559129901960803
 -0.006486928104575147
 -0.02003154172271822
 0.005495370370370407
 0.04562258306100215
 0.1059184708605664
 0.1063678002450979
 0.1102237644884703
 0.07241104983660132
 -0.01568460648148149
 -0.005222000953159048
 0.0002919219771241732
 0
 0
 0
 0
 0
 0
 0.00014680351307191
 -0.001086771514161371
 -0.02100354030501186
 0.0003102873093674196
 0.343216066745479
 0.6861743940631823
 0.8082368600217876
 0.97509609885621
 0.9691748366013081
 0.975421048876932
 0.8522721098856216
 0.380223532815904
 -0.000629255174292387
 -0.002556729983660156
 6.114711997066653e-05
 2.074109463215851e-19
 0
 0
 0
 0.0004851004851004907
 -0.005410113698257109
 -0.005152165032679875
 0.1596414590141603
 0.5386534075435715
 0.9909521795551202
 0.9507130310457513
 0.8835690019063179
 0.8754187091503265
 0.926921364379085
 1.013710458195752
 1.022554517293028
 0.980231021922657
 0.281742204520697
 -0.02816392633442245
 -0.001403326403326395
 0.0001872276688453171
 0
 0
 0.0002323590558884703
 -0.004334860443457752
 -0.004281266560678863
 0.2803393325452145
 0.8869068219803523
 0.8064325751090462
 0.4051063396300033
 0.1617878398760747
 0.08996732026143764
 0.08970345345345278
 0.1601466341907517
 0.5756552255023576
 0.9454692871604637
 1.01755436998084
 0.8728775834658191
 0.2493760445966322
 -0.0184793969800699
 -0.001008587773293652
 0
 0
 -0.001348039215686292
 -0.02107537401655068
 0.3134492102396516
 0.942418913398693
 0.704664164624183
 0.04313192742374783
 -0.02422813650754853
 -0.01805691721132905
 -0.01561053240740745
 -0.01561053240740746
 -0.01978911356209158
 -0.01186658377834899
 0.2804735498366004
 0.8896124046840954
 1.037342796840959
 0.8188696555010894
 0.07514354286413084
 -0.01353945397603491
 0
 0
 -0.01590958605664492
 0.0977607924666745
 0.8811043028322439
 1.033809487336601
 0.7310007318899783
 0.03208035471132994
 -0.02887820512820523
 -0.001116557734204784
 0.0001455269607843132
 1.296318414509899e-18
 0.0002042483660130713
 -0.005281446604976025
 -0.01951824618736364
 0.5194357128267975
 1.005504493464052
 1.018968852124183
 0.1437613631731275
 -0.02082380174291945
 0
 0
 -0.01570312500000005
 0.0953119012677833
 0.8798497412854033
 1.016492527913944
 0.9931694410403055
 0.5534094669117654
 0.1032964752082394
 -0.007129459422658593
 -0.001009327342048063
 0.0001072303921568746
 2.955605985082377e-19
 0.0004549345725816358
 -0.02139057393790815
 0.2347275156590415
 0.9803855358115466
 0.8505538705065354
 0.0876074660633481
 -0.01478094362745103
 0
 0
 -0.004490230119825712
 -0.0004747564306391705
 0.4815420581427007
 0.9963519199346403
 1.009877144607843
 0.999171279275599
 0.7719426949574014
 0.1536847256263616
 -0.02336201320806096
 -0.01390301606753818
 -0.004156794662309378
 0.0004968203497615362
 -0.0137924155773417
 0.0681116387527237
 0.9177084524782133
 0.7329522229030492
 0.0444865680159794
 -0.01022058823529415
 0
 0
 0.0004270107211283739
 -0.009688246303141823
 0.008556995909936332
 0.5704225945402415
 1.000985963338905
 1.009674034894623
 1.017931403525142
 0.8092798397945451
 0.2678485725544545
 0.05451669995787606
 -0.006359860992214313
 -0.04050115721878021
 -0.0119944661856428
 0.3494751199162965
 0.9830368207574087
 0.418480409142173
 -0.02450171453473439
 -0.001955858573505635
 0
 0
 1.021241830065365e-05
 0.0006389874036932939
 -0.01363225081699362
 0.06451727600762547
 0.5209634565631814
 0.9603960035403043
 1.011070329379152
 1.015801181236383
 0.9485593681917208
 0.790463116149237
 0.4958915951797377
 0.2817732494938366
 0.5186323359204781
 0.975282305283224
 0.6789619927832252
 0.02230075571895442
 -0.00896039704863243
 0.0002059504357298485
 0
 0
 0
 0
 0.0005143995098039272
 -0.01447114991830061
 0.01346464801198212
 0.335013174019607
 0.812847468509233
 0.990266152641612
 1.02516213916122
 1.048199976171024
 1.019915049700435
 0.9783327218621334
 0.9594764263344222
 0.7173288058278861
 0.1325715720315906
 -0.01247560934095835
 0.0001985243161713755
 0
 0
 0
 0
 0
 1.286764705882397e-05
 0.0007126225490196078
 -0.008543964460784384
 -0.02068292143246183
 0.05673730857554405
 0.282700895288672
 0.6820847290305015
 0.7968084660947716
 0.8977180351307192
 0.6910808942426594
 0.1975123570261444
 0.02910144335512003
 -0.01826278254357297
 0.0002361111111111183
 5.136358077534593e-05
 0
 0
 0
 0
 0
 0
 0
 0.0001034007352941157
 -0.0009025224673201846
 -0.00674702417349444
 -0.02250801674836567
 0.0006076899509804765
 0.05695613766339867
 0.1968556985294114
 0.03963299838299834
 -0.02018572984749421
 -0.004943423202614118
 -1.404207516338487e-05
 2.971813725489855e-05
 0
 0
 0
 0
 0
 0
 0
 0
 0
 0
 0
 0.0002935061758591144
 -0.004304757245933758
 -0.01070074599486375
 -0.02551669316375221
 -0.008280006518969535
 0.0005666299783946893
 0
 0
 0
 0
 0
 0
 0
 0
 0
 0
 0
 0
 0
 0
 0
 0
 0
 0
 0
 0
 0
 0
 0
 0
 0
 0
 0
 0
 0
 0
 0
 0
 0
 0
 0
 0
 0
 0
 0
 0
 0
 0
 0
 0
 0
 0
