# Created by Octave 3.2.4, Tue Dec 18 18:55:12 2012 CET <def@Izanami>
# name: x3
# type: matrix
# rows: 400
# columns: 1
 0
 0
 0
 0
 0
 0
 0
 0
 0
 0
 0
 0
 0
 0
 0
 0
 0
 0
 0
 0
 0
 0
 0
 0
 0
 0
 0
 0
 0
 0
 0
 0
 0
 0
 0
 0
 0
 0
 0
 0
 0
 0
 0
 0
 0
 0
 0
 0
 0
 0
 0
 0
 0
 0
 0
 0
 0
 0
 0
 0
 0
 0
 0
 0
 0
 0
 0
 0
 0
 0
 0
 0
 0
 0
 0
 0
 0
 0
 0
 0
 0
 0
 0
 0
 0
 0
 0
 0
 0
 0
 0
 0
 0
 0
 0
 0
 0
 0
 0
 0
 0
 0
 0
 0
 1.960033442738973e-18
 -1.083203667164463e-17
 -8.952893497971177e-17
 -2.362156266007566e-16
 1.787173202566337e-05
 -0.0002204180283229873
 -0.001948018790850196
 0.0001072303921567326
 1.651698313493148e-17
 0
 0
 0
 0
 0
 0
 0
 0
 0
 0
 1.429738562091556e-05
 0.000476239106753815
 -0.006246255446623117
 -0.0199497889433552
 -0.02083299362711144
 -0.02103502859477152
 -0.01523777913943386
 0.001398250272330814
 -0.01450333605664498
 -0.0004061187884717142
 0.0001548883442265804
 0
 0
 0
 0
 0
 0
 0
 0
 0
 0.0001229057111410111
 -0.008046349516937768
 0.03050835337599999
 0.2385181165328219
 0.4217970371571936
 0.7105164044134638
 0.7736248861984161
 0.7312879621703156
 0.2353927853192554
 -0.01674505617271938
 -0.0009605193428722839
 0
 0
 0
 0
 0
 0
 0
 0
 0
 -0.001711499183006637
 -0.01722989855664447
 0.5085235736655782
 0.9914185049019598
 0.9424515069368005
 0.7940815461601302
 0.5285702614379084
 0.9851744791666677
 0.6879670819716769
 0.02707946068240172
 -0.01432720588235258
 -0.01014236111111066
 -0.01706045751633935
 -0.01711887254901909
 -0.01793572418572365
 -0.009787326388888608
 0.0008897569444444146
 0
 0
 0
 -0.0185853758169938
 0.2671830746187365
 0.9697822712418307
 0.6582360770697167
 0.1942128667128661
 0.06252374387254946
 0.2891342762799573
 0.9991749897875828
 0.548074976171023
 0.005515945810063254
 0.02449564270152543
 0.1112875476579525
 0.2363692129629634
 0.2378729575163402
 0.2499802460831878
 0.136449737881264
 -0.01240340754357297
 0
 0
 0
 -0.04343872549019665
 0.7347930453431376
 0.907552236519608
 0.2089782815904144
 -0.07678456171103346
 0.2568562091503274
 0.9233978247549023
 0.9842502723311548
 0.6842573018790855
 0.7209250370279788
 0.9427417449618748
 0.9814927321623105
 1.012289436955339
 1.014694427423748
 1.067198120065769
 0.5824140454793045
 -0.05294458061002168
 0
 0
 0
 -0.03945373774509853
 0.6557209456699342
 0.9617626633986932
 0.3106002008442272
 0.164866886116886
 0.7683604302832251
 1.036609153730937
 1.01314627587146
 0.9681851511437904
 0.8011555107143333
 0.6220924053649228
 0.6847700674019599
 0.6152141884531582
 0.5394880514705871
 0.4400479835038646
 0.2351572712418298
 -0.02152862881263604
 0
 0
 0
 -0.01703283600342452
 0.2502067282214339
 0.8314331016536901
 0.5825637968285026
 0.8392864016686937
 1.011989234709823
 0.8647131690514044
 0.5510430509695213
 0.1658494014376364
 0.05862821457782893
 0.01144026945497495
 0.03271386205209697
 0.01041376217846767
 -0.01181678284619503
 -0.04861193495166884
 -0.02793862867392308
 0.002496840732134864
 0
 0
 0
 0.0001299530228758024
 -0.01725502110566445
 0.1105559980936818
 0.6682665951797381
 0.9464199720082078
 0.5000966775599129
 0.08259633714596981
 -0.02760723039215679
 -0.01868378948801744
 -0.01245838598779779
 -0.006587520424836624
 -0.008880208333333361
 -0.006482843137254924
 -0.004023352396514171
 -0.0001921038685744551
 5.276416122004391e-05
 0
 0
 0
 0
 5.233864379085132e-05
 -0.001123757489106751
 -0.01008775871459707
 0.1040821759259257
 0.1834770630358865
 -0.005486621732026166
 -0.01303615196078426
 0.0006178513071895436
 3.063725490195861e-05
 0
 0
 0
 0
 0
 0
 0
 0
 0
 0
 0
 0
 0.0001599264705882352
 -0.0001335784313725293
 -0.01643045343137253
 -0.02688271982389631
 -0.004028799019607828
 0.0003982843137254888
 0
 0
 0
 0
 0
 0
 0
 0
 0
 0
 0
 0
 0
 0
 0
 0
 0
 0
 0
 0
 0
 0
 0
 0
 0
 0
 0
 0
 0
 0
 0
 0
 0
 0
 0
 0
 0
 0
 0
 0
 0
 0
 0
 0
 0
 0
 0
 0
 0
 0
 0
 0
 0
 0
 0
 0
 0
 0
 0
 0
 0
 0
 0
 0
 0
 0
 0
 0
 0
 0
 0
 0
 0
 0
 0
 0
 0
 0
 0
 0
 0
 0
 0
 0
 0
 0
 0
 0
 0
 0
