# Created by Octave 3.2.4, Tue Nov 13 19:53:59 2012 CET <def@Izanami>
# name: mV
# type: matrix
# rows: 400
# columns: 1
 0
 0
 0
 0
 0
 0
 0
 0
 0
 0
 0
 0
 0
 0
 0
 0
 0
 0
 0
 0
 0
 0
 0
 0
 0
 0
 0
 0
 0
 0
 0
 0
 0
 0
 0
 0
 0
 0
 0
 0
 0
 0
 0
 0
 0
 0
 0
 0
 0
 0
 0
 0
 0
 0
 0
 0
 0
 0
 0
 0
 0
 0
 0
 0
 0
 0
 0
 0
 3.538602941176433e-05
 0.0005603553921568589
 -0.01005846609477145
 -0.03436345996732074
 -0.01420432310138213
 0.0007358047385620998
 0
 0
 0
 0
 0
 0
 0
 0
 0
 0
 0
 0
 0
 0.0003375321022379875
 -0.00232460171568628
 -0.03487642973856207
 0.1208152913943357
 0.5501039964596948
 0.2334556785292079
 -0.01189968001089321
 0
 0
 0
 0
 0
 0
 0
 0
 0
 0
 0
 2.592636829019945e-18
 0.0003744553376906175
 -0.004000652235946615
 -0.01875670615468445
 0.1799488187636167
 0.7433681406590424
 1.03854008374183
 0.4066006957183427
 -0.02078720724400867
 0
 0
 0
 0
 0
 0
 0
 0
 0
 0
 7.046568627450997e-05
 0.000245608660130736
 -0.01465447984749458
 -0.01356725503784372
 0.3670333265250545
 0.885270986519607
 1.035138122957516
 0.9272453533496727
 0.1295719531748943
 -0.01755599809368197
 0
 0
 0
 0
 0
 0
 0
 0
 0
 0
 9.447230035465961e-05
 -0.009408690364573039
 0.07735341676518095
 0.4299520713364419
 0.9830800144035446
 0.8025340555487616
 0.8487669683257926
 0.7811441984971389
 0.05957397365004027
 -0.0121242849184026
 0
 0
 0
 0
 0
 0
 0
 0
 0
 0
 -0.009070772058823527
 0.03278633918845261
 0.6412927559912844
 0.956981200657671
 0.491398863017428
 0.08344180623638314
 0.631937380855121
 0.6651713473583866
 0.019814316579022
 -0.007405262799564294
 -0.001317963643790761
 -0.004508220996731701
 -0.00994725285947666
 -0.01601269821858012
 0.0002522467320261284
 0
 0
 0
 0
 0
 -0.004792585784313717
 0.02860518790849662
 0.2168631365740736
 0.2011809207397441
 -0.02954532611655745
 0.0007873093681920264
 0.7386259020969512
 0.5061210171568615
 -0.03465925767396397
 -0.03258435457516337
 -0.02084836260893235
 0.0163139127178652
 0.1071720622276694
 0.2444401811313581
 -0.00312431917211321
 0
 0
 0
 0
 0
 0.0005625000000000003
 -0.003168811274509795
 -0.02748988970588235
 -0.02870368105662226
 -0.007547487745097685
 0.04534941789215698
 0.7954345043572992
 0.3045134974128524
 -0.01896608712785291
 0.1939314746732029
 0.4239747923474956
 0.840247344771243
 1.022616370506537
 0.7383300891389133
 -0.02049700435729829
 0
 0
 0
 0
 0
 0
 1.400023887670699e-18
 0.0002978622004357322
 -0.003452774041009342
 -0.02039825027233091
 -0.001548338779956141
 0.7634474060457525
 0.7099363766339869
 0.6437767348796765
 0.9595520152505445
 0.9986982060185179
 0.6148964120370362
 0.4693198699618726
 0.1642409604174304
 -0.009028969226579479
 0
 0
 0
 0
 0.0006041335453100294
 -0.009165545636133952
 -0.02139333904039806
 -0.03496891688068186
 -0.01663689823161557
 0.09531818583289192
 0.3667377671789438
 0.9616338510456162
 1.021069531069531
 0.932005283992566
 0.5789804906716676
 0.2092914407620287
 0.002326681885505089
 -0.02918312543312578
 -0.01870918811116947
 0.0006017895723778113
 0
 0
 0
 0.00188700012229426
 -0.02175566789215693
 0.04487947644335484
 0.1639431338507618
 0.2585708571623082
 0.5081304777628295
 0.9140524067265792
 0.9447625782952067
 0.7543745744825716
 0.4873353077342052
 0.138387669343552
 -0.0059921364379083
 -0.0209117987472767
 -0.006066516884531617
 -0.002037888071895435
 -0.0001849700379112139
 3.574346405228781e-05
 0
 0
 0
 -0.03337450572744721
 0.2798571963507622
 0.7975950776143791
 0.8216675517429189
 0.8796012561274504
 0.9633164159634743
 0.6402878199891059
 0.2865209865196074
 0.05376467184095855
 -0.005842388344226504
 -0.01869201214789448
 -0.001306338507625273
 0.0001702069716775588
 0
 0
 0
 0
 0
 0
 0
 -0.02048876931229893
 0.1763814678649237
 0.4297987813180832
 0.2347625953159044
 0.1257122480936824
 0.1234833815716173
 0.00342546636710252
 -0.02257291666666662
 -0.01406855936819172
 -0.003900939542483657
 0.0004842851901675474
 0
 0
 0
 0
 0
 0
 0
 0
 0
 0.00122049651461416
 -0.01047176266339858
 -0.02608889910130691
 -0.01575117442810423
 -0.01018622344771205
 -0.01066339529574787
 -0.003297998366012854
 -0.000623621323529367
 7.975898692809927e-05
 6.127450980391325e-07
 0
 0
 0
 0
 0
 0
 0
 0
 0
 0
 0
 0
 0
 0
 0
 0
 0
 0
 0
 0
 0
 0
 0
 0
 0
 0
 0
 0
 0
 0
 0
 0
 0
 0
 0
 0
 0
 0
 0
 0
 0
 0
 0
 0
 0
 0
 0
 0
 0
 0
 0
 0
 0
 0
 0
 0
 0
 0
 0
 0
 0
 0
 0
 0
 0
 0
 0
 0
