# Created by Octave 3.2.4, Tue Dec 18 18:54:26 2012 CET <def@Izanami>
# name: x3
# type: matrix
# rows: 400
# columns: 1
 0
 0
 0
 0
 0
 0
 0
 0
 0
 0
 0
 0
 0
 0
 0
 0
 0
 0
 0
 0
 0
 0
 0
 0
 0
 0
 0
 0
 0
 0
 0
 0.0001957380174291959
 -0.0007933838816191718
 -0.01433653322440098
 -0.02120472494553409
 -0.02051913126361675
 -0.007257795479302851
 0.0008642126289185235
 0
 0
 0
 0
 0
 0
 0
 0
 0
 0
 0
 0
 0
 -0.002882577147283032
 0.003660640348912091
 0.2653508485861421
 0.7517716358892829
 0.4317649266913974
 0.07740491622844554
 -0.01059307112871998
 0
 0
 0
 0
 0
 0
 0
 0
 0
 0
 0
 0
 1.555582097411937e-18
 -0.01440631808278871
 0.08181586563939458
 0.83972205201525
 1.024544185729848
 1.027074227260349
 0.3863861655773412
 -0.04560556031144306
 0
 0
 0
 0
 0
 0
 0
 0
 0
 0
 0
 0
 -4.345259325437172e-18
 -0.02125102124183013
 0.1530070794776674
 1.025912479575163
 0.981844362745098
 1.037909262663399
 0.4240088848039207
 -0.04949614773144229
 0
 0
 0
 0
 0
 0
 0
 0
 0
 0
 0
 0
 -2.801655210175385e-16
 -0.02072406045751626
 0.4578726067696658
 1.012129289215686
 0.9865032679738562
 1.038313419117647
 0.4214935661764697
 -0.0492429986547638
 0
 0
 0
 0.0003761574074074115
 -0.007483897925074414
 -0.0186548543028323
 -0.01526569308278871
 -0.001798577069716773
 0.0001659517973856144
 0
 0
 0
 -4.104870038650476e-16
 -0.02074686819172099
 0.6044535485711956
 1.013246868191721
 0.9871752450980393
 1.043199891067538
 0.4272695397603476
 -0.04986017691900089
 0
 0
 0
 -0.0024677958501488
 0.03534089964321073
 0.1229219660837305
 0.09159548122783384
 -0.0109791182585303
 0.0001829827565122137
 0
 0
 0
 -1.965013892697422e-16
 -0.02066178169119342
 0.363442175206881
 1.009077629665865
 0.9862856861386272
 1.010684117375294
 0.385415375783022
 -0.04540579186537402
 0
 0
 0
 -0.01947235838779979
 0.4981734166292995
 0.961117425789761
 0.8640840822440092
 0.2785792824074075
 -0.02518438521241768
 0.0005857894093188128
 4.084967320261171e-06
 0
 1.00594308965968e-17
 -0.02066380718954255
 0.1313728207845853
 1.009090175653595
 1.00597487745098
 0.856620557598039
 0.1523748297930278
 -0.02076515429456622
 0
 0
 0
 -0.02074550653594808
 0.8362756648050766
 1.016567555147059
 1.0259200708061
 0.7666299019607842
 0.04959318831699433
 -0.0103221434103788
 4.459422657952055e-05
 0
 0.0002450980392156833
 -0.02357536764705889
 0.1469434592964003
 1.015877757352941
 1.014213201252723
 0.6165778696895426
 0.01044359340958609
 -0.004941094941094979
 0
 0
 0
 -0.02051913126361686
 0.6947423668011904
 1.01648527709695
 0.8224936002178647
 0.4879766646241825
 0.241317504084968
 -0.01209291304879559
 -0.001284211601307196
 0.0002450980392157025
 -0.002096098856209673
 -0.02454571759259314
 0.5248243718831953
 1.016988851443355
 0.924952631399782
 0.182697014569717
 -0.02071405228758135
 0.0006897395132689317
 0
 0
 0
 -0.02070976307189559
 0.4000050446373975
 1.019912241285403
 0.875324023011983
 0.2037114481209152
 0.03773340482026161
 0.0001517467693937782
 -0.008750170206971709
 -0.01442878540305016
 -0.02439695669934702
 0.3186735770697178
 0.9013222555134323
 1.019380667892157
 0.6725856141067534
 0.01618739787581733
 -0.004092984068627212
 0
 0
 0
 0
 -0.01732943350590419
 0.2210222527209195
 0.9236169370728196
 1.034664200399495
 0.7063616784205016
 0.01047052708817441
 0.01924611321700676
 0.02104607435489759
 0.04050103270691474
 0.3328532944709413
 0.9131307834984309
 1.027491524788822
 1.017168735477558
 0.6105739506474793
 0.001112724715666013
 -0.003085942277118533
 0
 0
 0
 0
 -0.006235191993464076
 0.009901706004646937
 0.5334179772603485
 0.9977290475217864
 0.9864169049564271
 0.7387574891067534
 0.6321466545731244
 0.636711090686274
 0.7553562602124179
 1.018031675517429
 1.019798696214596
 0.8495206915059856
 0.9996484374999997
 0.8448792381535941
 0.08303776892701548
 -0.0082692504084964
 0
 0
 0
 0
 0.0003409245642701519
 -0.01915968570380348
 0.1090652403322435
 0.6169854643246181
 0.9967718375544661
 1.036112864242919
 1.039991116682293
 1.038521786492374
 1.038819495506536
 0.8443392395152505
 0.5414913534858382
 0.1972782737488613
 0.7376447440087135
 0.8593873059640518
 0.0786339528867105
 -0.007999285130718629
 0
 0
 0
 0
 2.450980392156868e-05
 -2.568179038767604e-05
 -0.006185763888888949
 0.02526438248910694
 0.4375943287037041
 0.7703088575708058
 0.8495994184229483
 0.7598949652777777
 0.5582923134531593
 0.1617834456699348
 -0.01898366013071865
 -0.02370429252782228
 0.5231487098311539
 0.6481608455882349
 0.005723022194989328
 -0.003250408496731806
 0
 0
 0
 0
 0
 7.704537116301369e-05
 -0.0003825061274509349
 -0.006939746732025916
 -0.01465065019063167
 0.08936681304466207
 0.1407074891633714
 0.08905715550108909
 -0.02194185729847477
 -0.01508854166666637
 -0.001759957107842967
 -0.01825924340630231
 0.1304489549291933
 0.2460482026143785
 0.004275786356209245
 -0.001295649509803831
 0
 0
 0
 0
 0
 0
 0
 0.0002641555582732076
 -0.001375402551873144
 -0.01385430679548337
 -0.01953534799321782
 -0.01376217846806093
 -0.001310586604704263
 0.0002568179038767299
 0
 0.001855007847425638
 -0.01657983775630845
 -0.029110920875627
 -0.0005062981533569909
 0.0001540907423260274
 0
 0
 0
 0
 0
 0
 0
 0
 0
 0
 0
 0
 0
 0
 0
 0
 0
 0
 0
 0
 0
 0
 0
 0
 0
 0
 0
 0
 0
 0
 0
 0
 0
 0
 0
 0
 0
 0
 0
 0
 0
 0
 0
