# Created by Octave 3.2.4, Tue Dec 18 18:54:33 2012 CET <def@Izanami>
# name: x3
# type: matrix
# rows: 400
# columns: 1
 0
 0
 0
 0
 0
 0
 0
 0
 0
 0
 0
 0
 0
 0
 0
 0
 0
 0
 0
 0
 0
 0
 0
 0
 0
 0
 0
 0
 0
 0
 9.489050794212523e-18
 0.0004323257080610038
 -0.01363835555012033
 -0.02122531998910702
 -0.02093443627451004
 -0.01137322984749459
 -0.0001686751089324639
 8.968244262362014e-05
 0
 0
 0
 0
 0
 0
 0
 0
 0
 0
 0
 0
 -8.571548421996774e-17
 -0.01183230742054271
 0.1715006452440715
 0.6448001338442511
 0.5440571283953635
 0.06786596551302422
 -0.01034695894990002
 0.0004271399648677523
 0
 0
 0
 0
 0
 0.0001603860294117726
 -0.00119990808823532
 -0.0223924632352945
 -0.01696992442810485
 -0.0007599058334352513
 0.0002149714052287625
 0
 -5.10790937506166e-16
 -0.02118395969498892
 0.7197521503403856
 1.039324942129629
 1.030776756535948
 0.7002983387799566
 0.0849272365196076
 -0.01301944478415076
 0
 0
 0
 0
 0
 -0.001391850490196141
 -0.00058220996732029
 0.3344400531045755
 0.2552643314270152
 0.01007307080836477
 -0.003120574618736391
 0
 -4.203027268997167e-16
 -0.02075163398692796
 0.6152980412539236
 1.015382369961874
 1.004392871732026
 0.9374270663126363
 0.2536174938725484
 -0.03155069096245595
 0
 0
 0
 0
 0.0002853532265297093
 -0.01774077478213545
 0.1996614583333331
 0.9640834524782148
 0.7551277743736391
 0.05515149198972697
 -0.01130701933551209
 -1.284392285096412e-17
 -4.614841702918674e-16
 -0.02075163398692794
 0.6628087929558518
 0.9999035947712417
 0.9262999387254901
 0.9294009906045753
 0.266110345179738
 -0.03275284334107893
 0
 0
 0
 0
 -0.002763849822673368
 -0.01186075367647114
 0.6446226681644872
 0.9701539522058824
 0.4076480630446631
 0.00208122715475632
 -0.0195933755446624
 -0.01173849400871463
 -0.0001310593681920574
 -0.02068933823529401
 0.5262743569361217
 1.014037854030501
 0.9960128676470589
 0.932709933278867
 0.2630223651960779
 -0.03248135012840924
 0
 0
 0
 0
 -0.01333978450280284
 0.08228489802019152
 0.8307259521965401
 0.8533993552375905
 0.1249770358593894
 -0.01336983685033138
 0.1611694556547494
 0.09403436807848553
 0.002105312325900231
 -0.02137141100376383
 0.4648724415142416
 1.018952685717391
 1.010657127715951
 0.9337730150965445
 0.2629113842349131
 -0.03248135012840923
 0
 0
 0
 3.523284313725259e-05
 -0.02858959072194392
 0.2229596779684093
 0.9322152096949892
 0.6436672623910669
 -0.05637212350217789
 0.2580202600790841
 0.8890764739923749
 0.6022507829520694
 0.003940291394335134
 -0.02339644607843118
 0.2404645652439767
 1.003461652369281
 1.009698274101307
 0.9371154513888889
 0.2678764297385615
 -0.03300599241775741
 0
 0
 0
 0.0001016135620915023
 -0.04709729525906035
 0.3709234238834418
 1.025769012118736
 0.5444731924019599
 0.1080295479302836
 0.8306981642275763
 1.018124472358387
 0.3322701695261432
 -0.02420121868191735
 -0.0195935797930283
 0.1757823943853353
 0.9612677696078428
 1.022194359340959
 0.8885007659313728
 0.1895750102124178
 -0.02474501650972261
 0
 0
 0
 -0.008167892156862776
 0.03018035003329063
 0.6619822133714596
 1.036864004629629
 0.4614915917755976
 0.4318917483660128
 0.9932140115228359
 0.4725969669117639
 -0.009830116421568736
 -0.005793504901960764
 -0.01618440223311553
 0.1018989407959993
 0.8900162377450974
 1.03225342116013
 0.7579252110566452
 0.06543047045206957
 -0.01134564428682085
 0
 0
 0
 -0.01090822440087156
 0.2328122239886945
 0.7437030228758168
 0.9375289692265796
 0.3134812261710234
 0.8009378574346402
 0.8913675043822105
 0.1371502246732021
 -0.01936487268518501
 -0.004053479030501113
 -0.01644165305010898
 0.03621259834495089
 0.7152914624182998
 1.029944052968409
 0.4494224366830069
 -0.03036422589869253
 0.0001602054543230996
 0
 0
 0
 -0.01104367942603256
 0.4393144708663847
 0.7432340541899362
 0.9722377298112589
 0.8674623775359068
 0.9930413898060956
 0.6727167313690484
 0.01745609297079802
 -0.03663782560841419
 -0.005683319065672397
 -0.004003760547878633
 0.09213688717174034
 0.7857167801285438
 1.006148308942426
 0.2941490189284309
 -0.02082100199747227
 5.857919518186225e-05
 0
 0
 0
 -0.01437755310457537
 0.4892334019539898
 0.8368412479575161
 0.9888095383986926
 0.9805365604575161
 0.9917978962418299
 0.9895931848137728
 0.6747097971132887
 0.3937469532952062
 0.5311593988289749
 0.6023381842320251
 0.7272021455844976
 0.970957839733115
 0.9869021480119824
 0.278283037173203
 -0.01937346813725458
 0
 0
 0
 0
 -0.01978792211329006
 0.696258118978707
 1.005049070669935
 0.9726519607843136
 0.4660220588235283
 0.4642101205065355
 0.9262433587433585
 1.026099128540305
 1.014463014025054
 0.9869701627178648
 0.9634301981209145
 0.5834736659736651
 0.6873663875272322
 1.036569546568627
 0.371595230800654
 -0.02456832107843109
 0
 0
 0
 0
 -0.009983489923747391
 0.2348786569374806
 0.601765454793029
 0.331261114515251
 -0.00614145901416133
 -0.002757761437908362
 0.1363901627872218
 0.4165020254629636
 0.4653889399509806
 0.2194622310729852
 0.1386612200435733
 -0.01188234614705232
 0.4680835546023956
 0.9524717116013069
 0.2552118395969504
 -0.01779881535947684
 0
 0
 0
 0
 -0.000253948801742918
 -0.01059210794504891
 0.01783266952614389
 -0.003489702478213254
 -0.004546977124182857
 -0.00234972426470575
 -0.01144179813297425
 -0.0269461805555553
 -0.02942647058823504
 -0.01598457924836568
 -0.01299867238562056
 -0.003506685418450037
 0.1384678819444439
 0.2493643961056639
 0.02593756808278876
 -0.002426368464052185
 0
 0
 0
 0
 8.968244262362013e-05
 -0.0005101271580420436
 -0.005596184419713884
 -0.001914720150014286
 0.0002421425950837739
 0
 0
 0
 0
 0
 0.0001467530879295603
 0.000131803189159201
 -0.01707716766540308
 -0.03120989768048618
 -0.004223227752639568
 0.0003570991806285836
 0
 0
 0
 0
 0
 0
 0
 0
 0
 0
 0
 0
 0
 0
 0
 0
 0
 0
 0
 0
 0
 0
 0
 0
 0
 0
 0
 0
 0
 0
 0
 0
 0
 0
 0
 0
 0
 0
 0
 0
 0
 0
 0
