# Created by Octave 3.2.4, Tue Dec 18 18:54:38 2012 CET <def@Izanami>
# name: x3
# type: matrix
# rows: 400
# columns: 1
 0
 0
 0
 0
 0
 0
 0
 0
 0
 0
 0
 0
 0
 0
 0
 0
 0
 0
 0
 0
 0
 0
 0
 0
 0
 0
 0
 0
 0
 0
 0
 0
 0
 0
 0
 0
 0
 0
 0
 0
 0
 0
 0
 0
 0
 0
 0
 0
 0
 0
 0
 0
 0
 0
 0
 0
 0
 0
 0
 0
 0
 0
 0
 0
 0
 0
 0
 0
 0
 1.470588235294168e-05
 -7.352941176469978e-06
 -0.001581699346405285
 -0.001274305980188378
 4.901960784313873e-05
 0
 0
 0
 0
 0
 0
 0
 0
 0
 0
 0
 0
 0
 0
 7.352941176470086e-05
 -3.49264705882395e-05
 -0.01527512254901962
 -0.015541700708061
 -0.008484366719660848
 0.0001766748366013047
 0
 0
 0
 0
 0
 0
 0
 0
 0
 0
 0
 0
 5.807506497004379e-18
 0.0004891769597651753
 -0.003844720179738966
 -0.02810334967320334
 0.08462731481481434
 0.4286962316176474
 0.3312194264400153
 -0.01115910947712412
 0
 0
 0
 0
 0
 0
 0
 0
 0
 0
 9.803921568627474e-05
 -0.0004575163398692708
 -0.005453771786492375
 -0.02387523269876222
 0.01410462622549034
 0.2692935729847491
 0.7769698393246182
 1.019515386710239
 0.5356021802345328
 -0.0214425040849672
 9.531590413943326e-05
 -0.002214052287581703
 -0.007069716775599148
 -0.00684847743671275
 0.000163398692810456
 0
 0
 0
 0
 7.826831356243461e-05
 -0.0002388814153519973
 -0.0161403937874529
 -0.00483262674439193
 0.1481091556180215
 0.6289313691519581
 0.9461156631744873
 0.9545564286005472
 1.012355998532469
 0.2532156732230105
 -0.01993202478496597
 -0.01517386164445002
 -0.02455546043781378
 0.01424687130569446
 0.02751757693667903
 -0.0004769475357710483
 0
 0
 0
 0
 -0.0006797385620915274
 -0.008709694989106762
 0.1900114379084966
 0.5906101239106748
 0.9797075129428069
 0.8920331392973846
 0.4871308380991277
 0.2392067674291936
 0.8701549053649237
 0.1996030532795242
 -0.06193571282679662
 0.09072387322984839
 0.4519155943627454
 0.6662866115196079
 0.5322673352085117
 -0.01417177287581685
 0
 0
 0
 0
 -0.001588235294117701
 -0.01176776960784315
 0.4139667075163402
 0.7919491081154675
 0.4195252605546718
 0.1377815563725486
 -0.03267255582788664
 0.07810239651416144
 0.8078684470315906
 0.307312397238868
 0.4890923202614381
 0.8152840413943357
 0.9573284143518517
 0.6851481651688444
 0.2767557376380901
 -0.01183568218954242
 0
 0
 0
 0
 -6.209150326797518e-05
 -0.000350932734204788
 0.01633411628540288
 0.01763424223856173
 -0.02100999755411554
 -0.02705809163943409
 -0.04655708741830139
 0.1725452410130713
 0.802875357434641
 1.030058412484884
 0.9208732638888893
 0.6342987813180824
 0.1370739379084965
 -0.005559402233115606
 -0.02090796679031981
 0.000176674836601304
 0
 0
 0
 0
 9.803921568627123e-06
 0.0002164011437908455
 -0.003189133986927924
 -0.01353630514705854
 -0.02719645550527897
 0.009858200571896202
 0.3813673406862755
 0.8408196997549026
 1.008521054602396
 0.6113047266723727
 0.1973834082244005
 -0.004109545206971592
 -0.01708440563725454
 -0.002887510212418079
 -0.0005009987362928183
 4.901960784313395e-05
 0
 0
 0
 0
 0.0004292527821939713
 -0.006274917451388082
 -0.02879300680771326
 0.02351404005815712
 0.3701897323518942
 0.804219864661042
 0.9393776582011881
 0.7830514620955804
 0.8592454275542512
 0.1357007904886094
 -0.04699546831899804
 -0.003401818107700488
 0.0005870123517182391
 0
 0
 0
 0
 0
 0
 0.001074966369084015
 -0.01234374999999995
 0.004114379084967298
 0.3037790373093671
 0.7073199891067522
 0.9948658669982199
 0.6718014876089325
 0.2640973243464056
 0.03905179398148168
 0.3148871697984756
 0.06737830024594738
 -0.008509837962963002
 0
 0
 0
 0
 0
 0
 0
 0
 -0.01793445028739164
 0.1339918300653591
 0.6917311921296297
 0.9434011437908498
 0.7636140386710237
 0.278280899677958
 0.02040609681372534
 -0.02480164079520687
 -0.0008505412581699106
 0.009275411900871468
 0.00137331335860748
 -0.0001894403594771254
 0
 0
 0
 0
 0
 0
 0
 0
 -0.03031959561371355
 0.2601792449618734
 0.6550203227124187
 0.319749148965142
 0.01757267837690699
 -0.03118747706983004
 -0.00951504629629628
 4.411764705882249e-05
 -0.0004460784313725502
 -0.003901960784313725
 -0.0007924666748196155
 9.803921568627479e-05
 0
 0
 0
 0
 0
 0
 0
 0
 0.0001818107700460717
 -0.0001829895152505919
 -0.02784242238562083
 -0.02219949959150296
 -0.004374438316993206
 -0.0002164608046960722
 6.535947712417874e-05
 0
 0
 0
 0
 0
 0
 0
 0
 0
 0
 0
 0
 0
 0.0001562111871516327
 -0.001474053238759134
 -0.001037055154702223
 0.0001174024703436479
 0
 0
 0
 0
 0
 0
 0
 0
 0
 0
 0
 0
 0
 0
 0
 0
 0
 0
 0
 0
 0
 0
 0
 0
 0
 0
 0
 0
 0
 0
 0
 0
 0
 0
 0
 0
 0
 0
 0
 0
 0
 0
 0
 0
 0
 0
 0
 0
 0
 0
 0
 0
 0
 0
