# Created by Octave 3.2.4, Tue Dec 18 18:54:44 2012 CET <def@Izanami>
# name: x3
# type: matrix
# rows: 400
# columns: 1
 0
 0
 0
 0
 0
 0
 0
 0
 0
 0
 0
 0
 0
 0
 0
 0
 0
 0
 0
 0
 0
 0
 0
 0
 0
 0
 0
 0
 0
 0
 0
 0
 0
 0
 0
 0
 0
 0
 0
 0
 0
 0
 0
 0
 0
 0
 0
 0
 0
 0
 0
 0.0002608943785414405
 -0.001171583903637225
 -0.0182886959357549
 -0.02470669764787433
 -0.0009913986384574808
 0.0001565366271248532
 0
 0
 0
 0
 0
 0
 0
 0
 0
 0
 0
 0
 0
 0
 -0.002461873638344234
 0.01245689128042063
 0.1611497991557731
 0.1933659960511977
 -0.02771667347494596
 -0.006956597222222227
 0.0007814601932249212
 0
 0
 0
 0
 0
 0
 0
 0
 0
 0
 0
 0
 0
 -0.001732026143790855
 -0.01768252415311267
 0.3301050857843131
 0.8719043096405227
 0.6101708877995645
 0.06621737132352931
 -0.01050629815335707
 0
 0
 0
 0
 0
 0
 0
 0
 6.63715028229072e-18
 -2.992927019186782e-17
 -4.602189635193062e-16
 -6.511407396083241e-16
 0.0006808278867096274
 -0.007293028322440771
 -0.02745926922397587
 -0.015890778186275
 0.32553521582244
 1.021768535539216
 0.4220423985566439
 -0.04888630712160169
 0
 0
 0
 0
 0.0005217887570828808
 -0.004466230936819177
 -0.01080916394335515
 -0.01162207244008717
 -0.01882540168845319
 -0.02109422771187484
 -0.02083333333333362
 -0.02083333333333371
 -0.02859477124183065
 0.06443355119825682
 0.2497887367005009
 0.06902541190087166
 -0.01820239311002099
 0.7447260518790848
 0.4504334660947698
 -0.0501296318943382
 0
 0
 0
 0.001039501039501063
 -0.0386508784209656
 -0.009485956544780565
 0.05042018262606459
 0.05796451428804328
 0.1173589709619117
 0.1782597961881312
 0.6722346724552615
 0.8832779102632045
 0.8530895601483838
 0.8843218784395256
 0.984964215586694
 0.7103541777071197
 0.05453395703395702
 0.3566639660022005
 0.4685953487424065
 -0.04989604989605033
 0
 0
 0
 -0.009027777777777919
 0.2922967197967199
 0.5677179840686279
 0.7340509089052294
 0.7673494689542486
 1.004839971405228
 1.084891922465451
 0.9494447337962958
 0.9502361621732026
 1.032764978213508
 1.063131655092592
 0.8151250968162728
 0.3092598720043571
 -0.01364590141612204
 0.3025248672385619
 0.4721069240196068
 -0.04989604989605035
 0
 0
 0
 -0.02109375000000018
 0.44299187762423
 1.043449499591503
 1.050637271922658
 0.8781049496187361
 0.3331533054193901
 0.2686738208797027
 0.2599311002178653
 0.8160299564270156
 0.9997967218137258
 0.4941830405773411
 0.08912529044881949
 -0.03739743327886684
 -0.01187881263616541
 0.5784873876633984
 0.457250919117646
 -0.04989604989605034
 0
 0
 0
 -0.0008246527777777662
 -0.03016416303181057
 0.2777854881535939
 0.9666304636437908
 0.7305359477124179
 -0.07378169253812572
 -0.07975225225225266
 0.309161934912855
 0.9908959524782135
 0.4695305861928094
 -0.04174414488017434
 -0.02168327830092538
 -0.002931627859477053
 -0.0007317878540308992
 0.8967358728213505
 0.4461769982298464
 -0.05054828584240396
 0
 0
 0
 0.0001302083333333253
 -0.006509875259875139
 -0.007990179057734546
 0.7868790849673202
 0.7512059844771239
 -0.04941230936819089
 -0.05103868574456855
 0.4475213950163404
 1.052856175108932
 0.2763233592047931
 -0.03757720588235249
 -0.0111946448711155
 -0.0442829010076249
 0.3295225013616567
 1.022657883986928
 0.3692747651143779
 -0.04350006114712034
 0
 0
 0
 0
 0.0006248447486065307
 -0.0505780950633898
 0.7617025396437159
 0.8438557335616157
 0.07426462095579819
 -0.037540721312276
 0.1908221569986283
 0.9417804003098124
 0.807583975378093
 0.1312380763116053
 0.0551887717107228
 0.4648726950932829
 0.9747924394983224
 0.7619719946190538
 0.08852800198388412
 -0.01366644487593502
 0
 0
 0
 0
 0
 -0.03583241421568677
 0.595222681781046
 0.9123164658224404
 0.199571776279957
 -0.02460641637112248
 -0.03782286560457451
 0.4247124863834434
 1.063997906454249
 0.8731760110294104
 0.7772446598181881
 1.075190819035947
 0.7798899611928106
 0.09626325912309434
 -0.01650611043028296
 0.0007786066609596075
 0
 0
 0
 0
 0
 -0.02431556372549058
 0.385103298611111
 0.9095511812363839
 0.1942155671296301
 -0.02501977090212406
 -0.0008602941176468878
 -0.02407521446078405
 0.4746949891067537
 0.6471483864379077
 0.6531714633185217
 0.5661752791394332
 0.1369086839596947
 -0.02339200367647053
 0.0002961090686274664
 0
 0
 0
 0
 0
 0
 -0.0116620710784316
 0.1784237132352942
 0.568997991557735
 0.06163432734204834
 -0.009522644816762561
 0.000113459967320253
 -0.00144406998910676
 -0.0120341435185184
 0.001925755718954453
 0.002158119658119871
 -0.007510995370370192
 -0.01248726851851848
 -4.473039215687011e-05
 5.88235294117607e-05
 0
 0
 0
 0
 0
 0
 0.0007440257352941254
 -0.01145082720588225
 -0.03492887050653583
 -0.004189440359477085
 0.0006261465084994484
 9.803921568626116e-06
 -3.267973856209519e-06
 -0.001944444444444313
 -0.003215686274509584
 -0.003215523215522998
 -0.002535947712418129
 -0.0003562091503267727
 5.88235294117607e-05
 0
 0
 0
 0
 0
 0
 0
 0
 0
 0
 0
 0
 0
 0
 0
 0
 0
 0
 0
 0
 0
 0
 0
 0
 0
 0
 0
 0
 0
 0
 0
 0
 0
 0
 0
 0
 0
 0
 0
 0
 0
 0
 0
 0
 0
 0
 0
 0
 0
 0
 0
 0
 0
 0
 0
 0
 0
 0
 0
 0
 0
 0
 0
 0
