# Created by Octave 3.2.4, Tue Dec 18 18:54:50 2012 CET <def@Izanami>
# name: x3
# type: matrix
# rows: 400
# columns: 1
 0
 0
 0
 0
 0
 0
 0
 0
 0
 0
 0
 0
 0
 0
 0
 0
 0
 0
 0
 0
 0
 0
 0
 0
 0
 0
 0
 0
 0
 0
 0
 0
 0
 0
 0
 0
 0
 0
 0
 0
 0
 0
 0
 0
 0
 0
 0
 0
 0
 0
 0
 0
 0
 0
 0
 0
 0
 0
 0
 0
 0
 0
 0
 0
 0
 0
 0
 0
 0
 0
 0
 0
 0
 0
 0
 0
 0
 0
 0
 0
 0
 0
 0
 0
 0
 0
 0
 0
 0
 0
 0
 0
 0
 0
 0
 0
 0
 0
 0
 0
 0
 0
 0
 0
 0
 0
 0
 0
 0
 0
 0
 0
 0
 0
 0
 0
 0
 0
 0
 0
 0
 0
 0
 0
 0
 2.553104575163608e-05
 -0.0002280773420479295
 -0.002516883399236346
 -0.004527165032679753
 -0.006224468954248382
 -0.004399339596949899
 -0.0100896990740741
 -0.01206568559509739
 -0.01511301742919394
 -0.01196095452069719
 -0.0009300108932461942
 0.0001046772875816951
 0
 0
 0
 0
 0
 0
 0
 0.0003081814846520756
 -0.001328625005095592
 -0.01931005666299801
 -0.02455820888008775
 -0.007785149402796863
 0.008475704210997921
 -0.008545055236232155
 0.04423795401736544
 0.06268807824390521
 0.0907635237046998
 0.06139899514899474
 -0.02065957360075031
 -0.00509116016468957
 0.0006053183502125765
 0
 0
 0
 0
 8.927479515714281e-05
 -0.0001383782679738101
 -0.01396476715686236
 -0.01778545411220016
 0.1656900360838784
 0.4805514451102695
 0.5572674972766893
 0.5999654139433559
 0.5480107230392163
 0.71380138548475
 0.7712046492193552
 0.8587354132625273
 0.7656676538671027
 0.2622057802287592
 0.02454124114923779
 -0.004308018425665546
 0
 0
 0
 0.0002236519607843142
 -0.001474358974358975
 -0.02173558346949902
 0.133371323529412
 0.432677236519608
 0.8634403764978208
 1.055439172203878
 1.052934419253812
 1.035980034722222
 1.029248280909586
 0.9912801436546838
 0.9764449064449058
 0.9740218205337687
 1.016428921568627
 0.8679074584694992
 0.2219806304466227
 -0.02793526558232466
 0
 0
 0
 -0.0009671160130718825
 -0.02240048306224858
 0.1959951491013064
 0.8161851851851859
 1.02757560593682
 0.9421382591230941
 0.7666243392713979
 0.4962092524509802
 0.7771440972222226
 0.9929212452342061
 0.4589434912854019
 0.08340687973040739
 0.3146595349945521
 0.9254498229847496
 0.9013498944716781
 0.1935141782407404
 -0.0251347274876689
 0
 0
 0
 -0.01406981889978223
 0.1793983802807334
 0.8320433006535949
 1.017552202478213
 0.5176066516884521
 0.2379425381263616
 0.07187730150965425
 -0.05452028867102328
 0.218514195261438
 0.9150548577069719
 0.8454726647603484
 0.6085235178617541
 0.7608605494281053
 1.032233523965142
 0.7119248536220045
 0.02866930487472758
 -0.007328686152215618
 0
 0
 0
 -0.02036572771866922
 0.7554316058657511
 0.8500281956164318
 0.2407253407253407
 -0.02319666952019943
 -0.03373690432513982
 -0.01204494020930377
 0.0005834454363866689
 -0.02630253556724162
 0.1994075183781061
 0.7475604337369047
 1.001414612983649
 1.01722048972049
 0.6828490651284768
 0.1601409441115324
 -0.02077218621336255
 0.0008982143261218877
 0
 0
 0
 -0.006290849673202713
 0.2172975011210312
 0.1813623366013078
 -0.02925023828976032
 -0.005138888888888901
 0.0003186274509803826
 0
 0.0001460375816993398
 -0.001311955337690649
 -0.02008850762527256
 0.0118549155773424
 0.2888205230117001
 0.3553912207244017
 0.05685295819716791
 -0.02227149714052289
 0.0007146139705882361
 0
 0
 0
 0
 0.0005872140522875877
 -0.01962143138613722
 -0.01769726988017426
 0.0007914624183006467
 7.659313725490177e-05
 0
 0
 0
 0
 0.0003191380718954431
 -0.002876497821350763
 -0.02714040397863919
 -0.03298568559368182
 -0.006842745778867073
 0.0008327376089324586
 6.382761437908043e-06
 0
 0
 0
 0
 0
 0
 0
 0
 0
 0
 0
 0
 0
 0
 0
 0
 0
 0
 0
 0
 0
 0
 0
 0
 0
 0
 0
 0
 0
 0
 0
 0
 0
 0
 0
 0
 0
 0
 0
 0
 0
 0
 0
 0
 0
 0
 0
 0
 0
 0
 0
 0
 0
 0
 0
 0
 0
 0
 0
 0
 0
 0
 0
 0
 0
 0
 0
 0
 0
 0
 0
 0
 0
 0
 0
 0
 0
 0
 0
 0
 0
 0
 0
 0
 0
 0
 0
 0
 0
 0
 0
 0
 0
 0
 0
 0
 0
 0
 0
 0
 0
 0
 0
