# Created by Octave 3.2.4, Tue Dec 18 18:54:57 2012 CET <def@Izanami>
# name: x3
# type: matrix
# rows: 400
# columns: 1
 0
 0
 0
 0
 0
 0
 0
 0
 0
 0
 0
 0
 0
 0
 0
 0
 0
 0
 0
 0
 0
 0
 0
 0
 0
 0.0001914828431372695
 -0.001753982843137251
 -0.01872070033834748
 -0.01830235566448808
 -0.003257761437908506
 0.0004901960784313748
 0
 0
 0
 0
 0
 0
 0
 0
 0
 0
 0
 0
 0
 0
 -0.0008076515429457857
 0.004855590885002443
 0.1857510684219744
 0.1858276262688023
 0.0328311626105743
 -0.004948330683624799
 0
 0
 0
 0
 0
 0
 0
 0
 0
 0
 0
 0
 0
 0
 -0.01749514910130789
 0.1784275428921562
 0.9474300375035674
 0.8935704316448794
 0.1596303104575162
 -0.02401960784313727
 0
 0
 0
 0
 0
 0
 0
 0
 0
 0
 0
 0
 0
 0
 -0.029167943218955
 0.3119293811274502
 0.9726267274061395
 0.8703658088235287
 0.156331495098039
 -0.02352389705882355
 0
 0
 0
 0
 0
 0
 0
 0
 0
 0
 0
 0
 0
 0
 -0.02825393178104649
 0.3014795241013065
 0.969942368839428
 0.877271565223311
 0.1602533700980391
 -0.02397640931372551
 0
 0
 0
 0
 0
 0
 0
 0
 0
 0
 0
 0
 0
 0
 -0.0277930964052295
 0.296194172113289
 0.9749599146657973
 0.821343715958605
 0.120058449074074
 -0.01943504901960786
 0
 0
 0
 0
 0
 0
 0
 0
 0
 0
 0
 0
 0
 0
 -0.03620631377984396
 0.3934643070672474
 0.998178909099785
 0.7220523181552584
 0.08322756580109511
 -0.01488076311605724
 0
 0
 0
 0
 0
 0
 0
 0
 0
 0
 0
 0
 0
 0
 -0.05217567061546927
 0.5747995812908487
 1.076350485100486
 0.6207883306100209
 0.0003455882352941756
 -0.005700367647058827
 0
 0
 0
 0
 0
 3.472222222221993e-05
 -0.0002127410215645349
 -0.0025590788398691
 -0.005972886029411427
 0
 0
 0
 0
 0
 -0.05250331903594857
 0.5778428819444436
 1.085074650442298
 0.6490888991013064
 0.004745608660130794
 -0.006394301470588242
 0
 0
 1.746323529411645e-05
 0.0004022671568627437
 -0.005950061274509797
 -0.02337248093681917
 -0.02713191132308779
 -0.006118021514161076
 0.04340875204248396
 0
 0
 0
 0
 0
 -0.04222707312091584
 0.4607941006263608
 1.034778256763551
 0.7402342218137247
 0.06824268110021786
 -0.01355422794117653
 0.0005787037037034629
 -0.0032509885451067
 -0.03478371800109008
 -0.04651572712418383
 0.005912377450979685
 0.1470439304193899
 0.2341484584131644
 0.5739514229302839
 0.8278490264161233
 0
 0
 0
 0
 0
 -0.02735949414488092
 0.2913122106481476
 0.9651578444960802
 0.8789273726851846
 0.1568634089052285
 -0.04161131535947718
 -0.02755293436819169
 0.01687422716834489
 0.3777394471677565
 0.4744946044389987
 0.6044795241013079
 0.8794816346677564
 0.9637834101069396
 0.9280933244825704
 0.7308975183823522
 0
 0
 0
 0
 0
 -0.02895316130610324
 0.3094620072561243
 0.9732003741542695
 0.8648359388800556
 0.1529683869389746
 0.1406718709659881
 0.4292141745818218
 0.757955494558161
 0.9959879676056154
 0.9608501827619482
 0.8959567655891194
 0.7924762035791448
 0.4909688458178123
 0.1236363852540322
 0.04401466511760593
 0
 0
 0
 0
 0
 -0.01665517769607915
 0.1691429227941173
 0.9225794403000287
 0.9356218681917207
 0.6647573699618728
 0.9313150020424835
 0.9605214801198253
 0.6921533637710116
 0.4587431917211338
 0.2742473447712424
 0.03825214460784358
 -0.02522041802832214
 -0.02075299281181626
 -0.01670002723311552
 -0.01033820125272335
 0
 0
 0
 0
 0
 -0.01091579861111178
 0.1041861553649233
 0.8819303296509178
 0.9970680487472764
 0.9186186342592587
 0.4466430419389973
 0.2246334933278865
 0.02917509138097366
 -0.04675177015250531
 -0.02556423611111102
 -0.004992170479302826
 0.000393178104575154
 0
 0
 0
 0
 0
 0
 0
 0
 -0.001708452478213748
 0.01437576593137246
 0.3003291243732426
 0.2161873297930285
 0.1054806474673206
 -0.01669798474945531
 -0.02706569989106747
 -0.009770494476376826
 0.0005330882352941165
 0
 0
 0
 0
 0
 0
 0
 0
 0
 0
 0
 0.0001353145424836695
 -0.001178002450980318
 -0.02013116057233678
 -0.0160088337418297
 -0.009628676470587891
 -0.001576235702614271
 -0.0001682495915032575
 3.057355998532289e-05
 0
 0
 0
 0
 0
 0
 0
 0
 0
 0
 0
 0
 0
 0
 0
 0
 0
 0
 0
 0
 0
 0
 0
 0
 0
 0
 0
 0
 0
 0
 0
 0
 0
 0
 0
 0
 0
 0
 0
 0
 0
 0
 0
 0
 0
 0
 0
 0
 0
 0
 0
 0
 0
 0
 0
 0
 0
 0
 0
 0
 0
 0
 0
 0
 0
 0
 0
