# Created by Octave 3.2.4, Tue Dec 18 18:55:03 2012 CET <def@Izanami>
# name: x3
# type: matrix
# rows: 400
# columns: 1
 0
 0
 0
 0
 0
 0
 0
 0
 0
 0
 0
 0
 0
 0
 0
 0
 0
 0
 0
 0
 0
 0
 0
 0
 0
 0
 0
 0
 0
 0
 0
 0
 0
 0
 0
 0
 0
 0
 0
 0
 0
 0
 0
 0
 0
 0
 0
 0
 0
 0
 0
 0
 0
 0
 0
 0
 0
 0
 0
 0
 0
 0
 0
 0
 0
 0
 0
 0
 0
 0
 0
 0
 0
 0
 0
 0
 0
 0
 0
 0
 0
 0
 0
 0
 0
 0.0003906250000000016
 -0.004453124999999995
 -0.001450103950103951
 0.0001562500000000004
 0
 0
 0
 0.0002348049406872957
 -0.001411458333333334
 -0.01495006127450981
 -0.0213609068627451
 -0.002160539215686267
 0.0003448697566344656
 0
 0
 0
 0
 0
 2.680759803922136e-05
 0.001277828839869242
 -0.01797428172658009
 -0.009856855936819888
 -0.03510673569497179
 -0.01610311138344278
 0.001382931644880106
 2.684934700132957e-17
 0.0009489038671023002
 -0.01461606402782937
 -0.03615556917211408
 0.08022531998910652
 0.1365761676198256
 -0.02827575231481566
 -0.02805679548326675
 0.0008978417755991398
 0
 0
 0
 0
 0.0001549734477124191
 -0.0215835205610022
 0.1407138480392152
 0.6092026654411751
 0.5492944811327157
 0.1443942333877988
 -0.028406352124183
 -0.003243634259259309
 -0.02692180691721142
 0.1197305110540398
 0.562783683959694
 0.7782849434912847
 0.8604428274782128
 0.5505286117919379
 0.2624231754378807
 -0.009803070533768986
 0
 0
 0
 0.0002831327767123342
 -0.01065208307855386
 0.08118973611620647
 0.7436566487301787
 0.9711235443588384
 1.022138393179118
 0.7344810477898708
 0.147150323400323
 -0.02894657100539547
 0.2074618000353296
 0.8405087338681572
 0.9866784544725726
 0.7448497649232947
 0.7602182612476732
 1.022174323644912
 0.8178899438285525
 -0.02110781596075691
 0
 0
 0
 -0.002149525090701597
 -0.006076099537037307
 0.4382727056100223
 0.8880786015795207
 0.1849570227396512
 0.5204184161537093
 1.048985719635076
 0.7249959660947713
 0.3797135757080615
 0.9094284620098047
 0.8481269957740543
 0.2414642905773418
 -0.01735275394880205
 0.05575132761437867
 0.7702465958605668
 0.8919874172815355
 -0.02082175925925901
 0
 0
 0
 -0.008683298683298769
 0.04144124455337646
 0.7582351579520696
 0.715458929057734
 -0.04757295070806025
 0.0412178637913928
 0.7031210001361659
 0.9990707720588232
 0.9546283020152511
 0.9147638888888883
 0.2203342879078169
 -0.03607519744008707
 -0.005429857706971665
 -0.02207082312091496
 0.6354519846132907
 0.9112847519465173
 -0.02080729166666641
 0
 0
 0
 -0.03302922832334628
 0.269997702205882
 0.9536100217864923
 0.4783052832244004
 -0.0299434402233109
 -0.03511888019240994
 0.2745409688180832
 0.9431631093409584
 1.05104706222767
 0.5845722698801733
 -0.0413539670892625
 -0.01538628472222292
 -0.008303479030501692
 -0.03594774645969556
 0.6363777743736391
 0.8140374594051072
 -0.02075793164487996
 0
 0
 0
 -0.04254698137051115
 0.361965362881263
 0.9877818627450978
 0.2808416053921565
 -0.01890851375272276
 -0.03898117008411157
 0.2697289794389989
 0.9543581835511984
 1.041168079384532
 0.7743364821623094
 0.4205074021985794
 0.07668717660675442
 0.00961138344226618
 0.3551559266067543
 0.9396405058551199
 0.4434822435557728
 -0.02112728077342042
 0
 0
 0
 -0.03194803537227437
 0.2620454391042621
 0.9162344414550295
 0.2786592814533986
 -0.0250404590110467
 -0.002910958860574232
 0.5884854198089498
 0.9866616899705133
 0.5323781473781468
 0.7238815682198042
 0.9072729816767978
 0.8373930095253631
 0.8152164608046967
 0.9004932364491194
 0.8028879784762135
 0.1382172042316345
 -0.01398485589662062
 0
 0
 0
 -0.03146304675716467
 0.2565724230664482
 0.924384957107843
 0.3740427900326792
 -0.0522448767701517
 0.2936942372236485
 1.005397143927015
 0.5942848583877995
 -0.01066899850217885
 0.06900856141067596
 0.1240769162827989
 0.4162090482026145
 0.5366696623093689
 0.2290369349128547
 0.1008756297657955
 -0.002357136548313064
 -0.00116847086056646
 0
 0
 0
 -0.0234617422852719
 0.1778631876361649
 0.9125119485294115
 0.6667593613834417
 0.0323862166394342
 0.7904382719823899
 0.7077068695533758
 0.09682587826797368
 -0.01507320601851851
 -0.008041445397603464
 -0.01575360428301602
 -0.003088133169934618
 -0.02346781386165569
 -0.02378026279956421
 -0.01071665645424833
 -0.0004777118747706906
 0.0001404207516339869
 0
 0
 0
 -0.003112796053972561
 -0.008025462962963402
 0.6314922726034859
 0.9965405433006533
 0.8312107843137251
 0.9154833170274351
 0.3172077546296292
 -0.03928421160130707
 0.0001856617647058822
 3.492647058823291e-05
 0.0003595450654274215
 -0.003392769607843129
 -0.00238694852941176
 0.000270220588235294
 0
 0
 0
 0
 0
 0
 0.0002800538094655694
 -0.01071583946078437
 0.09849411083877975
 0.5451505310457514
 0.8102411322167745
 0.3201976240946823
 -0.002450963371459784
 -0.001724894471677522
 5.330882352940818e-05
 0
 0
 0
 0
 0
 0
 0
 0
 0
 0
 0
 0
 0.0009144551791610839
 -0.01784578696343415
 -0.004871692959928571
 0.06607878806408179
 -0.01373097352062774
 -0.004825017325017341
 0.0003159267865150236
 0
 0
 0
 0
 0
 0
 0
 0
 0
 0
 0
 0
 0
 1.123366013071938e-05
 0.000317946623093683
 -0.004648352396514187
 -0.01260093273420483
 -0.002001039501039504
 0.0002433959694989123
 0
 0
 0
 0
 0
 0
 0
 0
 0
 0
 0
 0
 0
 0
 0
 0
 0
 0
 0
 0
 0
 0
 0
 0
 0
 0
 0
 0
 0
 0
 0
